50.244140625	0.004712439
55.029296875	0.009441644
59.814453125	0.014613473
64.599609375	0.032167573
69.384765625	0.037417075
74.169921875	0.049047481
78.955078125	0.057442305
83.740234375	0.065460870
88.525390625	0.072956450
93.310546875	0.097857217
98.095703125	0.103091221
102.880859375	0.106927584
107.666015625	0.111395323
112.451171875	0.116762111
117.236328125	0.120735046
122.021484375	0.124629852
126.806640625	0.128887303
131.591796875	0.133158248
136.376953125	0.137022953
141.162109375	0.141743819
145.947265625	0.146834921
150.732421875	0.150673229
155.517578125	0.154936913
160.302734375	0.158751973
165.087890625	0.163379812
169.873046875	0.167169013
174.658203125	0.171206225
179.443359375	0.175045227
184.228515625	0.190366289
189.013671875	0.195004459
193.798828125	0.198830710
198.583984375	0.203204906
203.369140625	0.208051076
208.154296875	0.212793192
212.939453125	0.216573957
217.724609375	0.220548204
222.509765625	0.224341457
227.294921875	0.228191687
232.080078125	0.232041415
236.865234375	0.243507458
241.650390625	0.249692773
246.435546875	0.253221778
251.220703125	0.256687502
256.005859375	0.260382485
260.791015625	0.263638383
265.576171875	0.266927809
270.361328125	0.271099769
275.146484375	0.274709039
279.931640625	0.278184355
284.716796875	0.281237667
289.501953125	0.284501896
294.287109375	0.289990268
299.072265625	0.293753559
303.857421875	0.296921734
308.642578125	0.299925932
313.427734375	0.302872618
318.212890625	0.306078730
322.998046875	0.309069663
327.783203125	0.312770555
332.568359375	0.315701732
337.353515625	0.320797397
342.138671875	0.323835943
346.923828125	0.326835474
351.708984375	0.334065444
356.494140625	0.336885407
361.279296875	0.339599418
366.064453125	0.342044697
370.849609375	0.344607565
375.634765625	0.346994274
380.419921875	0.349512197
385.205078125	0.351836305
389.990234375	0.354138686
394.775390625	0.356609929
399.560546875	0.358725066
404.345703125	0.360902431
409.130859375	0.363323032
413.916015625	0.365801888
418.701171875	0.367754510
423.486328125	0.369884368
428.271484375	0.372071894
433.056640625	0.374131201
437.841796875	0.376557983
442.626953125	0.378657609
447.412109375	0.380809594
452.197265625	0.383368757
456.982421875	0.385260843
461.767578125	0.387713082
466.552734375	0.389883501
471.337890625	0.391784989
476.123046875	0.393777000
480.908203125	0.395812576
485.693359375	0.397722140
490.478515625	0.399511245
495.263671875	0.401410527
500.048828125	0.403341262
504.833984375	0.405447314
509.619140625	0.426694589
514.404296875	0.433771008
519.189453125	0.435431252
523.974609375	0.437001401
528.759765625	0.438440378
533.544921875	0.440177945
538.330078125	0.441779700
543.115234375	0.443416495
547.900390625	0.445217342
552.685546875	0.446642802
557.470703125	0.449143943
562.255859375	0.450886601
567.041015625	0.452707654
571.826171875	0.454709722
576.611328125	0.456331587
581.396484375	0.463466970
586.181640625	0.466021964
590.966796875	0.467300121
595.751953125	0.469129534
600.537109375	0.471081601
605.322265625	0.472815115
610.107421875	0.480546880
614.892578125	0.482300370
619.677734375	0.484049567
624.462890625	0.485647790
629.248046875	0.487551709
634.033203125	0.489167425
638.818359375	0.490544553
643.603515625	0.492274164
648.388671875	0.494078511
653.173828125	0.495498684
657.958984375	0.497015055
662.744140625	0.498666008
667.529296875	0.500187816
672.314453125	0.501743532
677.099609375	0.503245880
681.884765625	0.504832997
686.669921875	0.506340951
691.455078125	0.508486998
696.240234375	0.510889963
701.025390625	0.513222403
705.810546875	0.515097747
710.595703125	0.516782939
715.380859375	0.518094591
720.166015625	0.519965697
724.951171875	0.522398154
729.736328125	0.524272508
734.521484375	0.525788232
739.306640625	0.527259270
744.091796875	0.528996792
748.876953125	0.530352035
753.662109375	0.531944459
758.447265625	0.533244081
763.232421875	0.534975152
768.017578125	0.538182361
772.802734375	0.539909503
777.587890625	0.541339339
782.373046875	0.542895473
787.158203125	0.544678726
791.943359375	0.546302795
796.728515625	0.548389328
801.513671875	0.550299117
806.298828125	0.551961622
811.083984375	0.553266732
815.869140625	0.554718347
820.654296875	0.556194157
825.439453125	0.557554559
830.224609375	0.559074197
835.009765625	0.560940060
839.794921875	0.562505910
844.580078125	0.564100146
849.365234375	0.565703346
854.150390625	0.566857683
858.935546875	0.568782465
863.720703125	0.569836098
868.505859375	0.571029842
873.291015625	0.572241699
878.076171875	0.573504145
882.861328125	0.575139605
887.646484375	0.576287624
892.431640625	0.577500855
897.216796875	0.578724944
902.001953125	0.580180358
906.787109375	0.581318685
911.572265625	0.587790655
916.357421875	0.588911180
921.142578125	0.590145124
925.927734375	0.591373213
930.712890625	0.592494891
935.498046875	0.594036992
940.283203125	0.595260891
945.068359375	0.596615600
949.853515625	0.597780918
954.638671875	0.598803010
959.423828125	0.600159579
964.208984375	0.602135821
968.994140625	0.605908945
973.779296875	0.606997471
978.564453125	0.608011237
983.349609375	0.609164949
988.134765625	0.610346336
992.919921875	0.611315649
997.705078125	0.612757610
1002.490234375	0.616252989
1007.275390625	0.617484265
1012.060546875	0.618552476
1016.845703125	0.619911674
1021.630859375	0.620918281
1026.416015625	0.622108851
1031.201171875	0.623449457
1035.986328125	0.624690959
1040.771484375	0.626092523
1045.556640625	0.627480593
1050.341796875	0.628715915
1055.126953125	0.629779791
1059.912109375	0.630983641
1064.697265625	0.632090222
1069.482421875	0.633164437
1074.267578125	0.634407071
1079.052734375	0.635510510
1083.837890625	0.636519140
1088.623046875	0.637682614
1093.408203125	0.638740232
1098.193359375	0.639763594
1102.978515625	0.640819026
1107.763671875	0.641946152
1112.548828125	0.643133766
1117.333984375	0.644616477
1122.119140625	0.646792116
1126.904296875	0.648041666
1131.689453125	0.649129217
1136.474609375	0.650306354
1141.259765625	0.651361715
1146.044921875	0.652409956
1150.830078125	0.653477143
1155.615234375	0.654834323
1160.400390625	0.655781105
1165.185546875	0.656837252
1169.970703125	0.657966804
1174.755859375	0.658927914
1179.541015625	0.660128386
1184.326171875	0.661464991
1189.111328125	0.662395479
1193.896484375	0.663740651
1198.681640625	0.664947625
1203.466796875	0.666124949
1208.251953125	0.667393652
1213.037109375	0.668462350
1217.822265625	0.669301363
1222.607421875	0.670265237
1227.392578125	0.671317675
1232.177734375	0.672534440
1236.962890625	0.674028574
1241.748046875	0.675037670
1246.533203125	0.676277777
1251.318359375	0.677203171
1256.103515625	0.678226206
1260.888671875	0.679093812
1265.673828125	0.679872800
1270.458984375	0.680913037
1275.244140625	0.681839216
1280.029296875	0.682929162
1284.814453125	0.683964066
1289.599609375	0.684920609
1294.384765625	0.685873324
1299.169921875	0.686851069
1303.955078125	0.687854871
1308.740234375	0.688754330
1313.525390625	0.689587595
1318.310546875	0.690427313
1323.095703125	0.691389934
1327.880859375	0.692221157
1332.666015625	0.693033159
1337.451171875	0.693850796
1342.236328125	0.694739490
1347.021484375	0.695792343
1351.806640625	0.696771650
1356.591796875	0.697619603
1361.376953125	0.698383624
1366.162109375	0.699104652
1370.947265625	0.699937078
1375.732421875	0.701138307
1380.517578125	0.702035012
1385.302734375	0.702916936
1390.087890625	0.703768625
1394.873046875	0.704664700
1399.658203125	0.705675345
1404.443359375	0.706523702
1409.228515625	0.707681597
1414.013671875	0.708423880
1418.798828125	0.709274950
1423.583984375	0.710106750
1428.369140625	0.710963089
1433.154296875	0.711725332
1437.939453125	0.712489573
1442.724609375	0.713353060
1447.509765625	0.714225363
1452.294921875	0.715154430
1457.080078125	0.716552723
1461.865234375	0.728447186
1466.650390625	0.728970476
1471.435546875	0.729678320
1476.220703125	0.730396839
1481.005859375	0.731277672
1485.791015625	0.731834228
1490.576171875	0.732518056
1495.361328125	0.733243368
1500.146484375	0.733875943
1504.931640625	0.734490413
1509.716796875	0.735343710
1514.501953125	0.736006964
1519.287109375	0.736692068
1524.072265625	0.737469464
1528.857421875	0.738090064
1533.642578125	0.738804559
1538.427734375	0.739444859
1543.212890625	0.740018871
1547.998046875	0.740634510
1552.783203125	0.741290657
1557.568359375	0.741851563
1562.353515625	0.742375656
1567.138671875	0.742891730
1571.923828125	0.743533242
1576.708984375	0.744127518
1581.494140625	0.744613908
1586.279296875	0.745497414
1591.064453125	0.747270799
1595.849609375	0.747989752
1600.634765625	0.748630389
1605.419921875	0.749241302
1610.205078125	0.749829563
1614.990234375	0.750543245
1619.775390625	0.751159868
1624.560546875	0.751864849
1629.345703125	0.752588071
1634.130859375	0.753170951
1638.916015625	0.753842972
1643.701171875	0.754335527
1648.486328125	0.754878350
1653.271484375	0.755471117
1658.056640625	0.756040588
1662.841796875	0.756707999
1667.626953125	0.757222074
1672.412109375	0.757762229
1677.197265625	0.758370860
1681.982421875	0.758763628
1686.767578125	0.759349490
1691.552734375	0.759894993
1696.337890625	0.760350690
1701.123046875	0.760930720
1705.908203125	0.761416524
1710.693359375	0.761964820
1715.478515625	0.762459853
1720.263671875	0.762992004
1725.048828125	0.763586779
1729.833984375	0.764304762
1734.619140625	0.764825929
1739.404296875	0.765362887
1744.189453125	0.765819361
1748.974609375	0.766357882
1753.759765625	0.766936807
1758.544921875	0.767412611
1763.330078125	0.769966124
1768.115234375	0.770626099
1772.900390625	0.771224180
1777.685546875	0.771641446
1782.470703125	0.772124637
1787.255859375	0.772573084
1792.041015625	0.773114325
1796.826171875	0.773646448
1801.611328125	0.774109132
1806.396484375	0.774605912
1811.181640625	0.775123984
1815.966796875	0.775739122
1820.751953125	0.776181814
1825.537109375	0.776612470
1830.322265625	0.777086431
1835.107421875	0.777480783
1839.892578125	0.777891603
1844.677734375	0.778477234
1849.462890625	0.778979202
1854.248046875	0.779468484
1859.033203125	0.779856601
1863.818359375	0.780393239
1868.603515625	0.780861824
1873.388671875	0.781234073
1878.173828125	0.781669018
1882.958984375	0.782085385
1887.744140625	0.782545361
1892.529296875	0.782940361
1897.314453125	0.783362210
1902.099609375	0.783857176
1906.884765625	0.784239314
1911.669921875	0.784758222
1916.455078125	0.785077181
1921.240234375	0.785543987
1926.025390625	0.785962004
1930.810546875	0.786478104
1935.595703125	0.786925047
1940.380859375	0.787335497
1945.166015625	0.787703689
1949.951171875	0.788052544
1954.736328125	0.788489074
1959.521484375	0.789013689
1964.306640625	0.789425362
1969.091796875	0.789859711
1973.876953125	0.790279339
1978.662109375	0.790642839
1983.447265625	0.791038863
1988.232421875	0.791405748
1993.017578125	0.791867630
1997.802734375	0.792328790
2002.587890625	0.792743028
2007.373046875	0.793171012
2012.158203125	0.793583976
2016.943359375	0.793980138
2021.728515625	0.794446165
2026.513671875	0.794804879
2031.298828125	0.795214163
2036.083984375	0.795595044
2040.869140625	0.795999160
2045.654296875	0.796412297
2050.439453125	0.796815763
2055.224609375	0.797145914
2060.009765625	0.797472588
2064.794921875	0.797912629
2069.580078125	0.798241740
2074.365234375	0.798548678
2079.150390625	0.798869113
2083.935546875	0.799202542
2088.720703125	0.799542950
2093.505859375	0.799945885
2098.291015625	0.800416771
2103.076171875	0.801154639
2107.861328125	0.801577498
2112.646484375	0.801907973
2117.431640625	0.802250235
2122.216796875	0.802646106
2127.001953125	0.803028908
2131.787109375	0.803356096
2136.572265625	0.803764335
2141.357421875	0.804115179
2146.142578125	0.804426860
2150.927734375	0.804727795
2155.712890625	0.805048957
2160.498046875	0.805430808
2165.283203125	0.805822632
2170.068359375	0.806168123
2174.853515625	0.806590347
2179.638671875	0.806877283
2184.423828125	0.807289078
2189.208984375	0.807633963
2193.994140625	0.807949402
2198.779296875	0.808342598
2203.564453125	0.809235448
2208.349609375	0.809652381
2213.134765625	0.810088619
2217.919921875	0.810468904
2222.705078125	0.810814559
2227.490234375	0.811158175
2232.275390625	0.811494445
2237.060546875	0.811893160
2241.845703125	0.812230357
2246.630859375	0.812580070
2251.416015625	0.812943202
2256.201171875	0.813290946
2260.986328125	0.813665526
2265.771484375	0.814002319
2270.556640625	0.814333984
2275.341796875	0.814759220
2280.126953125	0.815113170
2284.912109375	0.815418135
2289.697265625	0.815779386
2294.482421875	0.816224340
2299.267578125	0.816534705
2304.052734375	0.816885618
2308.837890625	0.817233467
2313.623046875	0.817574433
2318.408203125	0.817904946
2323.193359375	0.818288559
2327.978515625	0.818640828
2332.763671875	0.818989190
2337.548828125	0.819281179
2342.333984375	0.819679448
2347.119140625	0.820024956
2351.904296875	0.820335569
2356.689453125	0.820740286
2361.474609375	0.821119371
2366.259765625	0.821473979
2371.044921875	0.821824342
2375.830078125	0.822116833
2380.615234375	0.822576308
2385.400390625	0.822891168
2390.185546875	0.823217101
2394.970703125	0.823547349
2399.755859375	0.823839485
2404.541015625	0.824150469
2409.326171875	0.824446530
2414.111328125	0.824733008
2418.896484375	0.825004506
2423.681640625	0.825346817
2428.466796875	0.825625057
2433.251953125	0.825975835
2438.037109375	0.826240176
2442.822265625	0.826541503
2447.607421875	0.826982409
2452.392578125	0.827270416
2457.177734375	0.827506368
2461.962890625	0.827753597
2466.748046875	0.828025957
2471.533203125	0.828284318
2476.318359375	0.828524496
2481.103515625	0.828892057
2485.888671875	0.829211113
2490.673828125	0.829443575
2495.458984375	0.829730014
2500.244140625	0.829993654
2505.029296875	0.830238338
2509.814453125	0.830534800
2514.599609375	0.830772061
2519.384765625	0.830976309
2524.169921875	0.831165826
2528.955078125	0.831355733
2533.740234375	0.831603514
2538.525390625	0.831783173
2543.310546875	0.831990100
2548.095703125	0.832199168
2552.880859375	0.832431413
2557.666015625	0.832657498
2562.451171875	0.832925975
2567.236328125	0.833171766
2572.021484375	0.833412488
2576.806640625	0.833608086
2581.591796875	0.833849775
2586.376953125	0.834025958
2591.162109375	0.834236830
2595.947265625	0.834425675
2600.732421875	0.834653862
2605.517578125	0.834916953
2610.302734375	0.835266069
2615.087890625	0.847813946
2619.873046875	0.847994218
2624.658203125	0.848140514
2629.443359375	0.848344732
2634.228515625	0.848516034
2639.013671875	0.848655847
2643.798828125	0.848860101
2648.583984375	0.849044347
2653.369140625	0.849256778
2658.154296875	0.849460670
2662.939453125	0.849656571
2667.724609375	0.849828287
2672.509765625	0.849985670
2677.294921875	0.850173923
2682.080078125	0.850400713
2686.865234375	0.850573231
2691.650390625	0.850733835
2696.435546875	0.850922380
2701.220703125	0.851075506
2706.005859375	0.851260180
2710.791015625	0.851439494
2715.576171875	0.851632917
2720.361328125	0.851825046
2725.146484375	0.852038923
2729.931640625	0.852213923
2734.716796875	0.852369897
2739.501953125	0.852527544
2744.287109375	0.852720004
2749.072265625	0.852917600
2753.857421875	0.853081726
2758.642578125	0.853261159
2763.427734375	0.853465365
2768.212890625	0.853676086
2772.998046875	0.853844954
2777.783203125	0.854053789
2782.568359375	0.854207922
2787.353515625	0.854439434
2792.138671875	0.854633246
2796.923828125	0.854777431
2801.708984375	0.854938789
2806.494140625	0.855141926
2811.279296875	0.855300283
2816.064453125	0.855536140
2820.849609375	0.855696607
2825.634765625	0.855899845
2830.419921875	0.856119491
2835.205078125	0.856309952
2839.990234375	0.856505329
2844.775390625	0.856700944
2849.560546875	0.856884641
2854.345703125	0.857105282
2859.130859375	0.857273306
2863.916015625	0.857481645
2868.701171875	0.857676143
2873.486328125	0.857839004
2878.271484375	0.858022553
2883.056640625	0.858223998
2887.841796875	0.858354817
2892.626953125	0.858527177
2897.412109375	0.858631993
2902.197265625	0.858794959
2906.982421875	0.858949477
2911.767578125	0.859144856
2916.552734375	0.859300248
2921.337890625	0.859471909
2926.123046875	0.859679299
2930.908203125	0.859894393
2935.693359375	0.860078729
2940.478515625	0.860223101
2945.263671875	0.860432337
2950.048828125	0.860592933
2954.833984375	0.860766119
2959.619140625	0.860948015
2964.404296875	0.861111245
2969.189453125	0.861339970
2973.974609375	0.861536031
2978.759765625	0.861710701
2983.544921875	0.861881055
2988.330078125	0.862027840
2993.115234375	0.862199686
2997.900390625	0.862350687
3002.685546875	0.862563826
3007.470703125	0.862710961
3012.255859375	0.862868780
3017.041015625	0.862994087
3021.826171875	0.863161799
3026.611328125	0.863299487
3031.396484375	0.863439347
3036.181640625	0.863607708
3040.966796875	0.863710056
3045.751953125	0.863871990
3050.537109375	0.864014487
3055.322265625	0.864130783
3060.107421875	0.864296603
3064.892578125	0.864464552
3069.677734375	0.864607270
3074.462890625	0.864760743
3079.248046875	0.864901953
3084.033203125	0.865026354
3088.818359375	0.865161692
3093.603515625	0.865333916
3098.388671875	0.865453611
3103.173828125	0.865591855
3107.958984375	0.865719008
3112.744140625	0.865875289
3117.529296875	0.866019508
3122.314453125	0.866174479
3127.099609375	0.866405649
3131.884765625	0.866536313
3136.669921875	0.866693598
3141.455078125	0.866818635
3146.240234375	0.866962374
3151.025390625	0.867069326
3155.810546875	0.867216423
3160.595703125	0.867355527
3165.380859375	0.867517830
3170.166015625	0.867662662
3174.951171875	0.867789179
3179.736328125	0.867935954
3184.521484375	0.868060695
3189.306640625	0.868193445
3194.091796875	0.868325282
3198.876953125	0.868472403
3203.662109375	0.868631341
3208.447265625	0.868772790
3213.232421875	0.868866666
3218.017578125	0.868985115
3222.802734375	0.869123777
3227.587890625	0.869272644
3232.373046875	0.869409551
3237.158203125	0.869537161
3241.943359375	0.869649555
3246.728515625	0.869773101
3251.513671875	0.869906102
3256.298828125	0.870038638
3261.083984375	0.870176170
3265.869140625	0.870283388
3270.654296875	0.870419384
3275.439453125	0.870603344
3280.224609375	0.870749112
3285.009765625	0.870855734
3289.794921875	0.870966794
3294.580078125	0.871088009
3299.365234375	0.871228365
3304.150390625	0.871363429
3308.935546875	0.871499532
3313.720703125	0.871620962
3318.505859375	0.871769579
3323.291015625	0.871859809
3328.076171875	0.871992765
3332.861328125	0.872130547
3337.646484375	0.872262028
3342.431640625	0.872381392
3347.216796875	0.872503187
3352.001953125	0.872668918
3356.787109375	0.872802691
3361.572265625	0.872956389
3366.357421875	0.873126291
3371.142578125	0.873248116
3375.927734375	0.873351304
3380.712890625	0.873498928
3385.498046875	0.873643853
3390.283203125	0.873796935
3395.068359375	0.873912704
3399.853515625	0.873990322
3404.638671875	0.874119024
3409.423828125	0.874238705
3414.208984375	0.874337918
3418.994140625	0.874497330
3423.779296875	0.874612686
3428.564453125	0.874762429
3433.349609375	0.874876963
3438.134765625	0.875030705
3442.919921875	0.875137234
3447.705078125	0.875295648
3452.490234375	0.875395869
3457.275390625	0.875554127
3462.060546875	0.875701748
3466.845703125	0.875840234
3471.630859375	0.875949057
3476.416015625	0.876086344
3481.201171875	0.876217287
3485.986328125	0.876324930
3490.771484375	0.876431663
3495.556640625	0.876539064
3500.341796875	0.876644990
3505.126953125	0.876768573
3509.912109375	0.876858201
3514.697265625	0.876958280
3519.482421875	0.877085444
3524.267578125	0.877181751
3529.052734375	0.877287745
3533.837890625	0.877460038
3538.623046875	0.877554929
3543.408203125	0.877692393
3548.193359375	0.877802981
3552.978515625	0.877926622
3557.763671875	0.878037997
3562.548828125	0.878140034
3567.333984375	0.878264493
3572.119140625	0.878394163
3576.904296875	0.878512077
3581.689453125	0.878622648
3586.474609375	0.878752439
3591.259765625	0.878866221
3596.044921875	0.878945120
3600.830078125	0.879055409
3605.615234375	0.879158227
3610.400390625	0.879272809
3615.185546875	0.879377668
3619.970703125	0.879483768
3624.755859375	0.879578386
3629.541015625	0.879663553
3634.326171875	0.879830885
3639.111328125	0.880017984
3643.896484375	0.880119339
3648.681640625	0.880227925
3653.466796875	0.880334665
3658.251953125	0.880463346
3663.037109375	0.880585110
3667.822265625	0.880727040
3672.607421875	0.880844080
3677.392578125	0.880966198
3682.177734375	0.881070066
3686.962890625	0.881199857
3691.748046875	0.881332459
3696.533203125	0.881435466
3701.318359375	0.881571562
3706.103515625	0.881675382
3710.888671875	0.881807687
3715.673828125	0.881920986
3720.458984375	0.882043751
3725.244140625	0.882143669
3730.029296875	0.882233093
3734.814453125	0.882361846
3739.599609375	0.882470147
3744.384765625	0.882572235
3749.169921875	0.882693990
3753.955078125	0.882818791
3758.740234375	0.882945213
3763.525390625	0.883040869
3768.310546875	0.883154510
3773.095703125	0.883246385
3777.880859375	0.883368720
3782.666015625	0.883476015
3787.451171875	0.883576924
3792.236328125	0.883720129
3797.021484375	0.883823087
3801.806640625	0.883934082
3806.591796875	0.884057564
3811.376953125	0.884221225
3816.162109375	0.884316019
3820.947265625	0.884425175
3825.732421875	0.884520338
3830.517578125	0.884646621
3835.302734375	0.884737671
3840.087890625	0.884827794
3844.873046875	0.884934633
3849.658203125	0.885037423
3854.443359375	0.885152422
3859.228515625	0.885279042
3864.013671875	0.885368464
3868.798828125	0.885497493
3873.583984375	0.885587513
3878.369140625	0.885687532
3883.154296875	0.885788331
3887.939453125	0.885897211
3892.724609375	0.886006828
3897.509765625	0.886080715
3902.294921875	0.886191542
3907.080078125	0.886291322
3911.865234375	0.886393866
3916.650390625	0.886499137
3921.435546875	0.886597770
3926.220703125	0.886692477
3931.005859375	0.886806741
3935.791015625	0.886924518
3940.576171875	0.887014631
3945.361328125	0.887129422
3950.146484375	0.887236691
3954.931640625	0.887342057
3959.716796875	0.887468881
3964.501953125	0.887559912
3969.287109375	0.887656679
3974.072265625	0.887769165
3978.857421875	0.887871549
3983.642578125	0.887978516
3988.427734375	0.888074014
3993.212890625	0.888211950
3997.998046875	0.888310928
4002.783203125	0.888404360
4007.568359375	0.888500032
4012.353515625	0.888589337
4017.138671875	0.888693095
4021.923828125	0.888790530
4026.708984375	0.888900965
4031.494140625	0.889031444
4036.279296875	0.889150174
4041.064453125	0.889259085
4045.849609375	0.889376622
4050.634765625	0.889466067
4055.419921875	0.889569427
4060.205078125	0.889669566
4064.990234375	0.889784876
4069.775390625	0.889884913
4074.560546875	0.889988349
4079.345703125	0.890092025
4084.130859375	0.890206088
4088.916015625	0.890307101
4093.701171875	0.890411865
4098.486328125	0.890498828
4103.271484375	0.890609265
4108.056640625	0.890713621
4112.841796875	0.890813094
4117.626953125	0.890917672
4122.412109375	0.891027846
4127.197265625	0.891115276
4131.982421875	0.891230418
4136.767578125	0.891308327
4141.552734375	0.891394860
4146.337890625	0.891497024
4151.123046875	0.891607380
4155.908203125	0.891730725
4160.693359375	0.891848534
4165.478515625	0.891935506
4170.263671875	0.892051310
4175.048828125	0.892152359
4179.833984375	0.892211149
4184.619140625	0.892299773
4189.404296875	0.892421854
4194.189453125	0.892502339
4198.974609375	0.892601207
4203.759765625	0.892714558
4208.544921875	0.892804473
4213.330078125	0.892896300
4218.115234375	0.892973230
4222.900390625	0.893062346
4227.685546875	0.893157231
4232.470703125	0.893275299
4237.255859375	0.893361758
4242.041015625	0.893439005
4246.826171875	0.893566009
4251.611328125	0.893676560
4256.396484375	0.893780252
4261.181640625	0.893906005
4265.966796875	0.893997399
4270.751953125	0.894080290
4275.537109375	0.894162573
4280.322265625	0.894249216
4285.107421875	0.894366676
4289.892578125	0.894449063
4294.677734375	0.894552941
4299.462890625	0.894671156
4304.248046875	0.894757596
4309.033203125	0.894851495
4313.818359375	0.894939895
4318.603515625	0.895033589
4323.388671875	0.895150424
4328.173828125	0.895289680
4332.958984375	0.895391100
4337.744140625	0.895470241
4342.529296875	0.895537641
4347.314453125	0.895643861
4352.099609375	0.895731782
4356.884765625	0.895816304
4361.669921875	0.895897988
4366.455078125	0.895982532
4371.240234375	0.896069534
4376.025390625	0.896171812
4380.810546875	0.896312198
4385.595703125	0.896418379
4390.380859375	0.896523913
4395.166015625	0.896631041
4399.951171875	0.896745500
4404.736328125	0.896867920
4409.521484375	0.896957662
4414.306640625	0.897043877
4419.091796875	0.897127391
4423.876953125	0.897189387
4428.662109375	0.897284264
4433.447265625	0.897400660
4438.232421875	0.897489765
4443.017578125	0.897583530
4447.802734375	0.897686931
4452.587890625	0.897797471
4457.373046875	0.897886448
4462.158203125	0.897992303
4466.943359375	0.898073930
4471.728515625	0.898177424
4476.513671875	0.898259610
4481.298828125	0.898362459
4486.083984375	0.898499232
4490.869140625	0.898571743
4495.654296875	0.898677271
4500.439453125	0.898773707
4505.224609375	0.898880632
4510.009765625	0.898974025
4514.794921875	0.899090355
4519.580078125	0.899185865
4524.365234375	0.899278008
4529.150390625	0.899405431
4533.935546875	0.899504930
4538.720703125	0.899598062
4543.505859375	0.899707001
4548.291015625	0.899802480
4553.076171875	0.899914396
4557.861328125	0.900023483
4562.646484375	0.900084894
4567.431640625	0.900169720
4572.216796875	0.900269512
4577.001953125	0.900388400
4581.787109375	0.900501324
4586.572265625	0.900611133
4591.357421875	0.900714011
4596.142578125	0.900810957
4600.927734375	0.900900725
4605.712890625	0.900968532
4610.498046875	0.901068923
4615.283203125	0.901161228
4620.068359375	0.901245503
4624.853515625	0.901327015
4629.638671875	0.901383024
4634.423828125	0.901481603
4639.208984375	0.901563220
4643.994140625	0.901660811
4648.779296875	0.901745900
4653.564453125	0.901821035
4658.349609375	0.901871633
4663.134765625	0.901935527
4667.919921875	0.902018967
4672.705078125	0.902110733
4677.490234375	0.902238072
4682.275390625	0.902342264
4687.060546875	0.902409026
4691.845703125	0.902515461
4696.630859375	0.902613991
4701.416015625	0.902698782
4706.201171875	0.902770340
4710.986328125	0.902872971
4715.771484375	0.902947772
4720.556640625	0.903029366
4725.341796875	0.903116715
4730.126953125	0.903223844
4734.912109375	0.903319761
4739.697265625	0.903391976
4744.482421875	0.903471952
4749.267578125	0.903553122
4754.052734375	0.903635125
4758.837890625	0.903700560
4763.623046875	0.903804464
4768.408203125	0.903899460
4773.193359375	0.903985173
4777.978515625	0.904070922
4782.763671875	0.904156487
4787.548828125	0.904273608
4792.333984375	0.904339774
4797.119140625	0.904398140
4801.904296875	0.904483837
4806.689453125	0.904575241
4811.474609375	0.904707729
4816.259765625	0.904797356
4821.044921875	0.904857254
4825.830078125	0.904946927
4830.615234375	0.905042313
4835.400390625	0.905139651
4840.185546875	0.905239950
4844.970703125	0.905331584
4849.755859375	0.905404879
4854.541015625	0.905494829
4859.326171875	0.905570123
4864.111328125	0.905662320
4868.896484375	0.905753565
4873.681640625	0.905816985
4878.466796875	0.905898960
4883.251953125	0.906005880
4888.037109375	0.906081715
4892.822265625	0.906168060
4897.607421875	0.906233502
4902.392578125	0.906305801
4907.177734375	0.906379991
4911.962890625	0.906461947
4916.748046875	0.906545467
4921.533203125	0.906611925
4926.318359375	0.906695153
4931.103515625	0.906777896
4935.888671875	0.906846081
4940.673828125	0.906923436
4945.458984375	0.907009553
4950.244140625	0.907083241
4955.029296875	0.907169605
4959.814453125	0.907245900
4964.599609375	0.907326041
4969.384765625	0.907431834
4974.169921875	0.907507889
4978.955078125	0.907564859
4983.740234375	0.907640761
4988.525390625	0.907707907
4993.310546875	0.907801650
4998.095703125	0.907904976
5002.880859375	0.907974569
5007.666015625	0.908061885
5012.451171875	0.908138713
5017.236328125	0.908194426
5022.021484375	0.908298079
5026.806640625	0.908370918
5031.591796875	0.908444403
5036.376953125	0.908552650
5041.162109375	0.908646934
5045.947265625	0.908734778
5050.732421875	0.908816431
5055.517578125	0.908886715
5060.302734375	0.909007928
5065.087890625	0.909091311
5069.873046875	0.909193210
5074.658203125	0.909253962
5079.443359375	0.909318155
5084.228515625	0.909421740
5089.013671875	0.909522188
5093.798828125	0.909611742
5098.583984375	0.909703104
5103.369140625	0.909799646
5108.154296875	0.909897675
5112.939453125	0.909967478
5117.724609375	0.910050919
5122.509765625	0.910117451
5127.294921875	0.910215217
5132.080078125	0.910293635
5136.865234375	0.910372997
5141.650390625	0.910447295
5146.435546875	0.910544337
5151.220703125	0.910619994
5156.005859375	0.910692827
5160.791015625	0.910759566
5165.576171875	0.910863829
5170.361328125	0.910957395
5175.146484375	0.911037015
5179.931640625	0.911117072
5184.716796875	0.911204451
5189.501953125	0.911278770
5194.287109375	0.911374866
5199.072265625	0.911460665
5203.857421875	0.911541815
5208.642578125	0.911638065
5213.427734375	0.911739648
5218.212890625	0.911826058
5222.998046875	0.911892227
5227.783203125	0.911963595
5232.568359375	0.912029748
5237.353515625	0.912100983
5242.138671875	0.912194572
5246.923828125	0.912263313
5251.708984375	0.912336877
5256.494140625	0.912433697
5261.279296875	0.912493387
5266.064453125	0.912571243
5270.849609375	0.912648322
5275.634765625	0.912734988
5280.419921875	0.912805995
5285.205078125	0.912888829
5289.990234375	0.912970533
5294.775390625	0.913047359
5299.560546875	0.913122156
5304.345703125	0.913200332
5309.130859375	0.913289177
5313.916015625	0.913378422
5318.701171875	0.913491776
5323.486328125	0.913572493
5328.271484375	0.913648089
5333.056640625	0.913710626
5337.841796875	0.913793181
5342.626953125	0.913889999
5347.412109375	0.913968428
5352.197265625	0.914057736
5356.982421875	0.914162057
5361.767578125	0.914244887
5366.552734375	0.914304735
5371.337890625	0.914379768
5376.123046875	0.914456283
5380.908203125	0.914510350
5385.693359375	0.914597612
5390.478515625	0.914674296
5395.263671875	0.914738529
5400.048828125	0.914820746
5404.833984375	0.914904007
5409.619140625	0.915007150
5414.404296875	0.915097524
5419.189453125	0.915195820
5423.974609375	0.915273981
5428.759765625	0.915348530
5433.544921875	0.915439084
5438.330078125	0.915533460
5443.115234375	0.915597317
5447.900390625	0.915652038
5452.685546875	0.915735640
5457.470703125	0.915829194
5462.255859375	0.915899685
5467.041015625	0.915999509
5471.826171875	0.916090976
5476.611328125	0.916156866
5481.396484375	0.916264134
5486.181640625	0.916341412
5490.966796875	0.916439313
5495.751953125	0.916509279
5500.537109375	0.916566623
5505.322265625	0.916679732
5510.107421875	0.916756528
5514.892578125	0.916833830
5519.677734375	0.916913948
5524.462890625	0.916984369
5529.248046875	0.917055546
5534.033203125	0.917127811
5538.818359375	0.917192031
5543.603515625	0.917263499
5548.388671875	0.917334296
5553.173828125	0.917402505
5557.958984375	0.917449674
5562.744140625	0.917520106
5567.529296875	0.917615112
5572.314453125	0.917692318
5577.099609375	0.917773274
5581.884765625	0.917852149
5586.669921875	0.917923837
5591.455078125	0.918005771
5596.240234375	0.918087573
5601.025390625	0.918182950
5605.810546875	0.918260646
5610.595703125	0.918342034
5615.380859375	0.918420931
5620.166015625	0.918487880
5624.951171875	0.918566546
5629.736328125	0.918618876
5634.521484375	0.918689158
5639.306640625	0.918772615
5644.091796875	0.918832826
5648.876953125	0.918908767
5653.662109375	0.918989400
5658.447265625	0.919062076
5663.232421875	0.919119686
5668.017578125	0.919224115
5672.802734375	0.919297562
5677.587890625	0.919369514
5682.373046875	0.919453436
5687.158203125	0.919528439
5691.943359375	0.919603496
5696.728515625	0.919663399
5701.513671875	0.919729428
5706.298828125	0.919791059
5711.083984375	0.919841198
5715.869140625	0.919961673
5720.654296875	0.920038729
5725.439453125	0.920106365
5730.224609375	0.920208530
5735.009765625	0.920298777
5739.794921875	0.920383380
5744.580078125	0.920470436
5749.365234375	0.920556048
5754.150390625	0.920650652
5758.935546875	0.920735789
5763.720703125	0.920801628
5768.505859375	0.920854965
5773.291015625	0.920942974
5778.076171875	0.921003672
5782.861328125	0.921073849
5787.646484375	0.921169580
5792.431640625	0.921246115
5797.216796875	0.921318121
5802.001953125	0.921388395
5806.787109375	0.921478319
5811.572265625	0.921577545
5816.357421875	0.921635930
5821.142578125	0.921702557
5825.927734375	0.921834068
5830.712890625	0.921917140
5835.498046875	0.921998678
5840.283203125	0.922073497
5845.068359375	0.922162449
5849.853515625	0.922235741
5854.638671875	0.922358948
5859.423828125	0.922422344
5864.208984375	0.922484591
5868.994140625	0.922568241
5873.779296875	0.922670706
5878.564453125	0.922743858
5883.349609375	0.922824943
5888.134765625	0.922930383
5892.919921875	0.923027814
5897.705078125	0.923095903
5902.490234375	0.923188461
5907.275390625	0.923272160
5912.060546875	0.923341588
5916.845703125	0.923382267
5921.630859375	0.923452035
5926.416015625	0.923520377
5931.201171875	0.923598468
5935.986328125	0.923689889
5940.771484375	0.923752880
5945.556640625	0.923805809
5950.341796875	0.923891549
5955.126953125	0.923979431
5959.912109375	0.924047903
5964.697265625	0.924129698
5969.482421875	0.924191694
5974.267578125	0.924261906
5979.052734375	0.924356216
5983.837890625	0.924438727
5988.623046875	0.924508092
5993.408203125	0.924579424
5998.193359375	0.924660742
6002.978515625	0.924728788
6007.763671875	0.924795846
6012.548828125	0.924857836
6017.333984375	0.924958969
6022.119140625	0.925029036
6026.904296875	0.925101874
6031.689453125	0.925179145
6036.474609375	0.925241376
6041.259765625	0.925324705
6046.044921875	0.925407831
6050.830078125	0.925487017
6055.615234375	0.925553306
6060.400390625	0.925640024
6065.185546875	0.925741884
6069.970703125	0.925816790
6074.755859375	0.925901680
6079.541015625	0.925991575
6084.326171875	0.926071844
6089.111328125	0.926153643
6093.896484375	0.926251743
6098.681640625	0.926321705
6103.466796875	0.926418499
6108.251953125	0.926501304
6113.037109375	0.926572072
6117.822265625	0.926661075
6122.607421875	0.926757571
6127.392578125	0.926839547
6132.177734375	0.926896470
6136.962890625	0.926976029
6141.748046875	0.927047132
6146.533203125	0.927127953
6151.318359375	0.927219768
6156.103515625	0.927301237
6160.888671875	0.927382795
6165.673828125	0.927466161
6170.458984375	0.927575405
6175.244140625	0.927636164
6180.029296875	0.927722406
6184.814453125	0.927820511
6189.599609375	0.927887744
6194.384765625	0.927951574
6199.169921875	0.928039583
6203.955078125	0.928120727
6208.740234375	0.928201913
6213.525390625	0.928290229
6218.310546875	0.928359782
6223.095703125	0.928440301
6227.880859375	0.928502526
6232.666015625	0.928610674
6237.451171875	0.928678611
6242.236328125	0.928761683
6247.021484375	0.928836569
6251.806640625	0.928912327
6256.591796875	0.929012365
6261.376953125	0.929098371
6266.162109375	0.929183551
6270.947265625	0.929266853
6275.732421875	0.929335618
6280.517578125	0.929413868
6285.302734375	0.929516752
6290.087890625	0.929595258
6294.873046875	0.929672977
6299.658203125	0.929756401
6304.443359375	0.929855117
6309.228515625	0.929924001
6314.013671875	0.929997654
6318.798828125	0.930074939
6323.583984375	0.930148217
6328.369140625	0.930212987
6333.154296875	0.930264584
6337.939453125	0.930338451
6342.724609375	0.930418641
6347.509765625	0.930500276
6352.294921875	0.930582179
6357.080078125	0.930644688
6361.865234375	0.930726430
6366.650390625	0.930809250
6371.435546875	0.930875212
6376.220703125	0.930927455
6381.005859375	0.931008718
6385.791015625	0.931104228
6390.576171875	0.931173103
6395.361328125	0.931269375
6400.146484375	0.931347655
6404.931640625	0.931429369
6409.716796875	0.931528488
6414.501953125	0.931613240
6419.287109375	0.931712964
6424.072265625	0.931777328
6428.857421875	0.931861010
6433.642578125	0.931935368
6438.427734375	0.932034653
6443.212890625	0.932134400
6447.998046875	0.932218485
6452.783203125	0.932287510
6457.568359375	0.932369727
6462.353515625	0.932443973
6467.138671875	0.932521582
6471.923828125	0.932602452
6476.708984375	0.932684355
6481.494140625	0.932762507
6486.279296875	0.932846479
6491.064453125	0.932926577
6495.849609375	0.932988351
6500.634765625	0.933072298
6505.419921875	0.933165579
6510.205078125	0.933261717
6514.990234375	0.933354837
6519.775390625	0.933464664
6524.560546875	0.933551805
6529.345703125	0.933635795
6534.130859375	0.933714140
6538.916015625	0.933790779
6543.701171875	0.933871005
6548.486328125	0.933952562
6553.271484375	0.934001181
6558.056640625	0.934083403
6562.841796875	0.934144831
6567.626953125	0.934244335
6572.412109375	0.934329134
6577.197265625	0.934416096
6581.982421875	0.934491993
6586.767578125	0.934560913
6591.552734375	0.934659460
6596.337890625	0.934756281
6601.123046875	0.934849727
6605.908203125	0.934923521
6610.693359375	0.935019254
6615.478515625	0.935112946
6620.263671875	0.935190756
6625.048828125	0.935293886
6629.833984375	0.935366553
6634.619140625	0.935428217
6639.404296875	0.935526300
6644.189453125	0.935603182
6648.974609375	0.935688177
6653.759765625	0.935793945
6658.544921875	0.935889474
6663.330078125	0.935973738
6668.115234375	0.936028002
6672.900390625	0.936111157
6677.685546875	0.936210099
6682.470703125	0.936301200
6687.255859375	0.936409469
6692.041015625	0.936484348
6696.826171875	0.936586616
6701.611328125	0.936676869
6706.396484375	0.936734897
6711.181640625	0.936807636
6715.966796875	0.936900370
6720.751953125	0.936978077
6725.537109375	0.937033278
6730.322265625	0.937134481
6735.107421875	0.937214676
6739.892578125	0.937306157
6744.677734375	0.937387724
6749.462890625	0.937494655
6754.248046875	0.937575791
6759.033203125	0.937671226
6763.818359375	0.937772092
6768.603515625	0.937860043
6773.388671875	0.937951430
6778.173828125	0.938053760
6782.958984375	0.938151669
6787.744140625	0.938252924
6792.529296875	0.938305884
6797.314453125	0.938414422
6802.099609375	0.938492139
6806.884765625	0.938571028
6811.669921875	0.938660841
6816.455078125	0.938754830
6821.240234375	0.938876001
6826.025390625	0.938944843
6830.810546875	0.939049423
6835.595703125	0.939125404
6840.380859375	0.939184187
6845.166015625	0.939259032
6849.951171875	0.939348373
6854.736328125	0.939440999
6859.521484375	0.939513096
6864.306640625	0.939597618
6869.091796875	0.939657826
6873.876953125	0.939743409
6878.662109375	0.939826683
6883.447265625	0.939901728
6888.232421875	0.939968608
6893.017578125	0.940068404
6897.802734375	0.940133351
6902.587890625	0.940206035
6907.373046875	0.940306090
6912.158203125	0.940369437
6916.943359375	0.940454017
6921.728515625	0.940527595
6926.513671875	0.940594060
6931.298828125	0.940702444
6936.083984375	0.940797116
6940.869140625	0.940861335
6945.654296875	0.940950598
6950.439453125	0.941048537
6955.224609375	0.941154650
6960.009765625	0.941258806
6964.794921875	0.941348449
6969.580078125	0.941446944
6974.365234375	0.941521697
6979.150390625	0.941606041
6983.935546875	0.941694085
6988.720703125	0.941789379
6993.505859375	0.941882047
6998.291015625	0.941969722
7003.076171875	0.942046512
7007.861328125	0.942128133
7012.646484375	0.942202395
7017.431640625	0.942267939
7022.216796875	0.942362660
7027.001953125	0.942462686
7031.787109375	0.942547713
7036.572265625	0.942622605
7041.357421875	0.942696625
7046.142578125	0.942801606
7050.927734375	0.942897968
7055.712890625	0.942973304
7060.498046875	0.943053736
7065.283203125	0.943150914
7070.068359375	0.943217191
7074.853515625	0.943286243
7079.638671875	0.943365402
7084.423828125	0.943418368
7089.208984375	0.943522427
7093.994140625	0.943609219
7098.779296875	0.943693672
7103.564453125	0.943769860
7108.349609375	0.943816145
7113.134765625	0.943916162
7117.919921875	0.944013716
7122.705078125	0.944095494
7127.490234375	0.944191815
7132.275390625	0.944274284
7137.060546875	0.944378071
7141.845703125	0.944457091
7146.630859375	0.944540400
7151.416015625	0.944643030
7156.201171875	0.944721550
7160.986328125	0.944804637
7165.771484375	0.944913685
7170.556640625	0.945008223
7175.341796875	0.945095550
7180.126953125	0.945168391
7184.912109375	0.945244982
7189.697265625	0.945305965
7194.482421875	0.945404106
7199.267578125	0.945499080
7204.052734375	0.945595760
7208.837890625	0.945667545
7213.623046875	0.945736689
7218.408203125	0.945829526
7223.193359375	0.945932040
7227.978515625	0.946021983
7232.763671875	0.946120076
7237.548828125	0.946210829
7242.333984375	0.946309058
7247.119140625	0.946398180
7251.904296875	0.946504518
7256.689453125	0.946568140
7261.474609375	0.946691994
7266.259765625	0.946767478
7271.044921875	0.946856058
7275.830078125	0.946930779
7280.615234375	0.947040885
7285.400390625	0.947144834
7290.185546875	0.947214788
7294.970703125	0.947304666
7299.755859375	0.947399368
7304.541015625	0.947471672
7309.326171875	0.947568844
7314.111328125	0.947645964
7318.896484375	0.947708146
7323.681640625	0.947802420
7328.466796875	0.947887802
7333.251953125	0.947997909
7338.037109375	0.948070025
7342.822265625	0.948150140
7347.607421875	0.948233826
7352.392578125	0.948302487
7357.177734375	0.948388525
7361.962890625	0.948442716
7366.748046875	0.948553430
7371.533203125	0.948666124
7376.318359375	0.948779777
7381.103515625	0.948881030
7385.888671875	0.948958566
7390.673828125	0.949041412
7395.458984375	0.949141089
7400.244140625	0.949240977
7405.029296875	0.949317301
7409.814453125	0.949397719
7414.599609375	0.949487830
7419.384765625	0.949574792
7424.169921875	0.949635338
7428.955078125	0.949743947
7433.740234375	0.949816973
7438.525390625	0.949908877
7443.310546875	0.949995623
7448.095703125	0.950078083
7452.880859375	0.950184284
7457.666015625	0.950283201
7462.451171875	0.950364420
7467.236328125	0.950471046
7472.021484375	0.950568848
7476.806640625	0.950637836
7481.591796875	0.950703534
7486.376953125	0.950789633
7491.162109375	0.950904753
7495.947265625	0.951002298
7500.732421875	0.951104068
7505.517578125	0.951224819
7510.302734375	0.951304505
7515.087890625	0.951372075
7519.873046875	0.951437490
7524.658203125	0.951523337
7529.443359375	0.951613837
7534.228515625	0.951722803
7539.013671875	0.951798192
7543.798828125	0.951899774
7548.583984375	0.952000771
7553.369140625	0.952092871
7558.154296875	0.952168755
7562.939453125	0.952257612
7567.724609375	0.952321136
7572.509765625	0.952396955
7577.294921875	0.952500465
7582.080078125	0.952593228
7586.865234375	0.952687669
7591.650390625	0.952771809
7596.435546875	0.952872232
7601.220703125	0.952952328
7606.005859375	0.953031890
7610.791015625	0.953127727
7615.576171875	0.953195691
7620.361328125	0.953263082
7625.146484375	0.953345161
7629.931640625	0.953433992
7634.716796875	0.953541009
7639.501953125	0.953612604
7644.287109375	0.953695283
7649.072265625	0.953786271
7653.857421875	0.953865804
7658.642578125	0.953948167
7663.427734375	0.954021090
7668.212890625	0.954114962
7672.998046875	0.954210027
7677.783203125	0.954328329
7682.568359375	0.954426499
7687.353515625	0.954530117
7692.138671875	0.954617590
7696.923828125	0.954715806
7701.708984375	0.954790634
7706.494140625	0.954876089
7711.279296875	0.954948346
7716.064453125	0.955012426
7720.849609375	0.955076721
7725.634765625	0.955158116
7730.419921875	0.955267586
7735.205078125	0.955362150
7739.990234375	0.955451075
7744.775390625	0.955521380
7749.560546875	0.955613422
7754.345703125	0.955741781
7759.130859375	0.955838071
7763.916015625	0.955921168
7768.701171875	0.956008008
7773.486328125	0.956106395
7778.271484375	0.956208275
7783.056640625	0.956307814
7787.841796875	0.956388745
7792.626953125	0.956497623
7797.412109375	0.956580453
7802.197265625	0.956658478
7806.982421875	0.956718020
7811.767578125	0.956807521
7816.552734375	0.956899745
7821.337890625	0.957012361
7826.123046875	0.957124675
7830.908203125	0.957193788
7835.693359375	0.957256518
7840.478515625	0.957339389
7845.263671875	0.957447721
7850.048828125	0.957525393
7854.833984375	0.957642357
7859.619140625	0.957744259
7864.404296875	0.957821033
7869.189453125	0.957885905
7873.974609375	0.957990916
7878.759765625	0.958086113
7883.544921875	0.958168358
7888.330078125	0.958292417
7893.115234375	0.958390491
7897.900390625	0.958484947
7902.685546875	0.958579969
7907.470703125	0.958681030
7912.255859375	0.958792405
7917.041015625	0.958882908
7921.826171875	0.958972081
7926.611328125	0.959071820
7931.396484375	0.959168217
7936.181640625	0.959257738
7940.966796875	0.959353314
7945.751953125	0.959422372
7950.537109375	0.959507915
7955.322265625	0.959599588
7960.107421875	0.959664736
7964.892578125	0.959729502
7969.677734375	0.959823470
7974.462890625	0.959902960
7979.248046875	0.959984675
7984.033203125	0.960089430
7988.818359375	0.960200276
7993.603515625	0.960284166
7998.388671875	0.960361843
8003.173828125	0.960458354
8007.958984375	0.960545874
8012.744140625	0.960653397
8017.529296875	0.960743623
8022.314453125	0.960828169
8027.099609375	0.960900595
8031.884765625	0.961010424
8036.669921875	0.961085457
8041.455078125	0.961181003
8046.240234375	0.961248549
8051.025390625	0.961332299
8055.810546875	0.961411657
8060.595703125	0.961495576
8065.380859375	0.961589547
8070.166015625	0.961658809
8074.951171875	0.961739958
8079.736328125	0.961853532
8084.521484375	0.961944920
8089.306640625	0.962061444
8094.091796875	0.962163710
8098.876953125	0.962256290
8103.662109375	0.962355626
8108.447265625	0.962445251
8113.232421875	0.962532714
8118.017578125	0.962631329
8122.802734375	0.962712802
8127.587890625	0.962767852
8132.373046875	0.962841474
8137.158203125	0.962929276
8141.943359375	0.963026966
8146.728515625	0.963094516
8151.513671875	0.963199958
8156.298828125	0.963288646
8161.083984375	0.963403848
8165.869140625	0.963489962
8170.654296875	0.963584093
8175.439453125	0.963687719
8180.224609375	0.963787074
8185.009765625	0.963876405
8189.794921875	0.963991220
8194.580078125	0.964091129
8199.365234375	0.964172368
8204.150390625	0.964259099
8208.935546875	0.964350393
8213.720703125	0.964434332
8218.505859375	0.964548597
8223.291015625	0.964621493
8228.076171875	0.964722593
8232.861328125	0.964806619
8237.646484375	0.964879843
8242.431640625	0.964971531
8247.216796875	0.965086564
8252.001953125	0.965170550
8256.787109375	0.965276556
8261.572265625	0.965369486
8266.357421875	0.965456167
8271.142578125	0.965560301
8275.927734375	0.965649699
8280.712890625	0.965782147
8285.498046875	0.965893904
8290.283203125	0.966023471
8295.068359375	0.966121823
8299.853515625	0.966195533
8304.638671875	0.966271157
8309.423828125	0.966342037
8314.208984375	0.966449905
8318.994140625	0.966544648
8323.779296875	0.966645171
8328.564453125	0.966714953
8333.349609375	0.966798017
8338.134765625	0.966895270
8342.919921875	0.966988726
8347.705078125	0.967071214
8352.490234375	0.967158800
8357.275390625	0.967242326
8362.060546875	0.967334740
8366.845703125	0.967438538
8371.630859375	0.967518326
8376.416015625	0.967609556
8381.201171875	0.967706610
8385.986328125	0.967785795
8390.771484375	0.967867056
8395.556640625	0.967988419
8400.341796875	0.968107958
8405.126953125	0.968226380
8409.912109375	0.968318352
8414.697265625	0.968396767
8419.482421875	0.968506692
8424.267578125	0.968626972
8429.052734375	0.968723022
8433.837890625	0.968822152
8438.623046875	0.968923749
8443.408203125	0.969020700
8448.193359375	0.969092126
8452.978515625	0.969214864
8457.763671875	0.969280895
8462.548828125	0.969364660
8467.333984375	0.969467884
8472.119140625	0.969595208
8476.904296875	0.969691026
8481.689453125	0.969787698
8486.474609375	0.969880085
8491.259765625	0.969998490
8496.044921875	0.970084132
8500.830078125	0.970172531
8505.615234375	0.970279152
8510.400390625	0.970348422
8515.185546875	0.970447585
8519.970703125	0.970514844
8524.755859375	0.970617002
8529.541015625	0.970722053
8534.326171875	0.970851266
8539.111328125	0.970970714
8543.896484375	0.971083264
8548.681640625	0.971183667
8553.466796875	0.971297752
8558.251953125	0.971371450
8563.037109375	0.971483630
8567.822265625	0.971572926
8572.607421875	0.971707680
8577.392578125	0.971820326
8582.177734375	0.971906648
8586.962890625	0.972020703
8591.748046875	0.972100062
8596.533203125	0.972183085
8601.318359375	0.972303065
8606.103515625	0.972429102
8610.888671875	0.972511562
8615.673828125	0.972594763
8620.458984375	0.972713927
8625.244140625	0.972819495
8630.029296875	0.972926703
8634.814453125	0.973017766
8639.599609375	0.973096567
8644.384765625	0.973168232
8649.169921875	0.973248684
8653.955078125	0.973359987
8658.740234375	0.973480568
8663.525390625	0.973560976
8668.310546875	0.973657008
8673.095703125	0.973760517
8677.880859375	0.973827350
8682.666015625	0.973960345
8687.451171875	0.974075841
8692.236328125	0.974196024
8697.021484375	0.974297547
8701.806640625	0.974415643
8706.591796875	0.974538375
8711.376953125	0.974640602
8716.162109375	0.974717681
8720.947265625	0.974818364
8725.732421875	0.974913467
8730.517578125	0.974990371
8735.302734375	0.975085071
8740.087890625	0.975207757
8744.873046875	0.975308361
8749.658203125	0.975411918
8754.443359375	0.975514345
8759.228515625	0.975632549
8764.013671875	0.975713397
8768.798828125	0.975823757
8773.583984375	0.975931669
8778.369140625	0.976017512
8783.154296875	0.976091474
8787.939453125	0.976178280
8792.724609375	0.976269873
8797.509765625	0.976387836
8802.294921875	0.976496268
8807.080078125	0.976603514
8811.865234375	0.976706507
8816.650390625	0.976811252
8821.435546875	0.976915703
8826.220703125	0.977011638
8831.005859375	0.977100855
8835.791015625	0.977232956
8840.576171875	0.977341109
8845.361328125	0.977430109
8850.146484375	0.977519204
8854.931640625	0.977634224
8859.716796875	0.977705167
8864.501953125	0.977808767
8869.287109375	0.977916296
8874.072265625	0.978026115
8878.857421875	0.978142515
8883.642578125	0.978213753
8888.427734375	0.978293904
8893.212890625	0.978423346
8897.998046875	0.978521577
8902.783203125	0.978642826
8907.568359375	0.978739774
8912.353515625	0.978845077
8917.138671875	0.978936929
8921.923828125	0.979073598
8926.708984375	0.979164831
8931.494140625	0.979259575
8936.279296875	0.979361927
8941.064453125	0.979461545
8945.849609375	0.979557944
8950.634765625	0.979641090
8955.419921875	0.979725862
8960.205078125	0.979830973
8964.990234375	0.979936817
8969.775390625	0.980014037
8974.560546875	0.980108804
8979.345703125	0.980212158
8984.130859375	0.980303155
8988.916015625	0.980392065
8993.701171875	0.980484300
8998.486328125	0.980606779
9003.271484375	0.980685155
9008.056640625	0.980760364
9012.841796875	0.980851618
9017.626953125	0.980969239
9022.412109375	0.981095086
9027.197265625	0.981199309
9031.982421875	0.981317921
9036.767578125	0.981446884
9041.552734375	0.981572721
9046.337890625	0.981687878
9051.123046875	0.981797394
9055.908203125	0.981901393
9060.693359375	0.982004047
9065.478515625	0.982114829
9070.263671875	0.982188214
9075.048828125	0.982278041
9079.833984375	0.982412820
9084.619140625	0.982513190
9089.404296875	0.982630859
9094.189453125	0.982721011
9098.974609375	0.982814320
9103.759765625	0.982923143
9108.544921875	0.983004531
9113.330078125	0.983102612
9118.115234375	0.983205981
9122.900390625	0.983303872
9127.685546875	0.983417891
9132.470703125	0.983542196
9137.255859375	0.983659151
9142.041015625	0.983767182
9146.826171875	0.983848986
9151.611328125	0.983923042
9156.396484375	0.984033321
9161.181640625	0.984133073
9165.966796875	0.984229702
9170.751953125	0.984370672
9175.537109375	0.984473559
9180.322265625	0.984568763
9185.107421875	0.984703204
9189.892578125	0.984788377
9194.677734375	0.984868802
9199.462890625	0.985010194
9204.248046875	0.985113905
9209.033203125	0.985238388
9213.818359375	0.985374500
9218.603515625	0.985527647
9223.388671875	0.985654821
9228.173828125	0.985760492
9232.958984375	0.985850072
9237.744140625	0.985970732
9242.529296875	0.986086526
9247.314453125	0.986165777
9252.099609375	0.986263170
9256.884765625	0.986374978
9261.669921875	0.986505347
9266.455078125	0.986618983
9271.240234375	0.986745727
9276.025390625	0.986847074
9280.810546875	0.986932831
9285.595703125	0.987044158
9290.380859375	0.987175412
9295.166015625	0.987262955
9299.951171875	0.987384318
9304.736328125	0.987489590
9309.521484375	0.987595506
9314.306640625	0.987664705
9319.091796875	0.987772578
9323.876953125	0.987897886
9328.662109375	0.987990249
9333.447265625	0.988095076
9338.232421875	0.988203390
9343.017578125	0.988314865
9347.802734375	0.988454757
9352.587890625	0.988559039
9357.373046875	0.988654817
9362.158203125	0.988771348
9366.943359375	0.988907791
9371.728515625	0.989025366
9376.513671875	0.989134750
9381.298828125	0.989234427
9386.083984375	0.989383089
9390.869140625	0.989525923
9395.654296875	0.989625547
9400.439453125	0.989752020
9405.224609375	0.989886510
9410.009765625	0.989985330
9414.794921875	0.990096395
9419.580078125	0.990206118
9424.365234375	0.990365667
9429.150390625	0.990498581
9433.935546875	0.990627128
9438.720703125	0.990745759
9443.505859375	0.990853189
9448.291015625	0.990960100
9453.076171875	0.991058917
9457.861328125	0.991180028
9462.646484375	0.991279279
9467.431640625	0.991411749
9472.216796875	0.991475148
9477.001953125	0.991570812
9481.787109375	0.991680214
9486.572265625	0.991786376
9491.357421875	0.991941276
9496.142578125	0.992058578
9500.927734375	0.992165192
9505.712890625	0.992300327
9510.498046875	0.992434619
9515.283203125	0.992566097
9520.068359375	0.992657477
9524.853515625	0.992784927
9529.638671875	0.992869539
9534.423828125	0.993003598
9539.208984375	0.993116598
9543.994140625	0.993234229
9548.779296875	0.993348157
9553.564453125	0.993486596
9558.349609375	0.993590033
9563.134765625	0.993731328
9567.919921875	0.993863940
9572.705078125	0.993991664
9577.490234375	0.994098084
9582.275390625	0.994221865
9587.060546875	0.994390182
9591.845703125	0.994491695
9596.630859375	0.994589336
9601.416015625	0.994704689
9606.201171875	0.994818750
9610.986328125	0.994973655
9615.771484375	0.995091331
9620.556640625	0.995225802
9625.341796875	0.995345148
9630.126953125	0.995496362
9634.912109375	0.995591751
9639.697265625	0.995722201
9644.482421875	0.995866041
9649.267578125	0.995996702
9654.052734375	0.996123940
9658.837890625	0.996254141
9663.623046875	0.996383569
9668.408203125	0.996513121
9673.193359375	0.996650929
9677.978515625	0.996819357
9682.763671875	0.996930297
9687.548828125	0.997086316
9692.333984375	0.997169806
9697.119140625	0.997284550
9701.904296875	0.997420732
9706.689453125	0.997551664
9711.474609375	0.997659715
9716.259765625	0.997779417
9721.044921875	0.997928253
9725.830078125	0.998051757
9730.615234375	0.998163924
9735.400390625	0.998293047
9740.185546875	0.998412278
9744.970703125	0.998511037
9749.755859375	0.998697352
9754.541015625	0.998794492
9759.326171875	0.998938334
9764.111328125	0.999042203
9768.896484375	0.999178802
9773.681640625	0.999298806
9778.466796875	0.999446996
9783.251953125	0.999591811
9788.037109375	0.999706153
9792.822265625	0.999896556
9797.607421875	1.000000000
